,[0]
,[0]
,[2]
,[0]
,[2]
,[3]
,[0]
,[2]
,[3]
,[4]
,[0]
,[2]
,[3]
,[4]
,[5]
,[0]
,[2]
,[3]
,[4]
,[5]
,[8]
,[0]
,[2]
,[3]
,[4]
,[5]
,[8]
,[9]
,[0]
,[2]
,[3]
,[4]
,[5]
,[8]
,[9]
,[2, 3]
,[0]
,[2]
,[3]
,[4]
,[5]
,[8]
,[9]
,[2, 3]
,[2, 4]
,[0]
,[2]
,[3]
,[4]
,[5]
,[8]
,[9]
,[2, 3]
,[2, 4]
,[3, 9]
,[0]
,[2]
,[3]
,[4]
,[5]
,[8]
,[9]
,[2, 3]
,[2, 4]
,[3, 9]
,[2, 9]
,[0]
,[2]
,[3]
,[4]
,[5]
,[8]
,[9]
,[2, 3]
,[2, 4]
,[3, 9]
,[2, 9]
,[3, 4]
,[0]
,[2]
,[3]
,[4]
,[5]
,[8]
,[9]
,[2, 3]
,[2, 4]
,[3, 9]
,[2, 9]
,[3, 4]
,[0, 9]
,[0]
,[2]
,[3]
,[4]
,[5]
,[8]
,[9]
,[2, 3]
,[2, 4]
,[3, 9]
,[2, 9]
,[3, 4]
,[0, 9]
,[0, 2]
,[0]
,[2]
,[3]
,[4]
,[5]
,[8]
,[9]
,[2, 3]
,[2, 4]
,[3, 9]
,[2, 9]
,[3, 4]
,[0, 9]
,[0, 2]
,[0, 3]
,[0]
,[2]
,[3]
,[4]
,[5]
,[8]
,[9]
,[2, 3]
,[2, 4]
,[3, 9]
,[2, 9]
,[3, 4]
,[0, 9]
,[0, 2]
,[0, 3]
,[4, 5]
,[0]
,[2]
,[3]
,[4]
,[5]
,[8]
,[9]
,[2, 3]
,[2, 4]
,[3, 9]
,[2, 9]
,[3, 4]
,[0, 9]
,[0, 2]
,[0, 3]
,[4, 5]
,[0, 2, 9]
,[0]
,[2]
,[3]
,[4]
,[5]
,[8]
,[9]
,[2, 3]
,[2, 4]
,[3, 9]
,[2, 9]
,[3, 4]
,[0, 9]
,[0, 2]
,[0, 3]
,[4, 5]
,[0, 2, 9]
,[0, 2, 3]
,[0]
,[2]
,[3]
,[4]
,[5]
,[8]
,[9]
,[2, 3]
,[2, 4]
,[3, 9]
,[2, 9]
,[3, 4]
,[0, 9]
,[0, 2]
,[0, 3]
,[4, 5]
,[0, 2, 9]
,[0, 2, 3]
,[2, 3, 4]
,[0]
,[2]
,[3]
,[4]
,[5]
,[8]
,[9]
,[2, 3]
,[2, 4]
,[3, 9]
,[2, 9]
,[3, 4]
,[0, 9]
,[0, 2]
,[0, 3]
,[4, 5]
,[0, 2, 9]
,[0, 2, 3]
,[2, 3, 4]
,[0, 3, 9]
,[0]
,[2]
,[3]
,[4]
,[5]
,[8]
,[9]
,[2, 3]
,[2, 4]
,[3, 9]
,[2, 9]
,[3, 4]
,[0, 9]
,[0, 2]
,[0, 3]
,[4, 5]
,[0, 2, 9]
,[0, 2, 3]
,[2, 3, 4]
,[0, 3, 9]
,[2, 3, 9]
,[0]
,[2]
,[3]
,[4]
,[5]
,[8]
,[9]
,[2, 3]
,[2, 4]
,[3, 9]
,[2, 9]
,[3, 4]
,[0, 9]
,[0, 2]
,[0, 3]
,[4, 5]
,[0, 2, 9]
,[0, 2, 3]
,[2, 3, 4]
,[0, 3, 9]
,[2, 3, 9]
,[0, 2, 3, 9]
